58362 2013 11 1 189 79 30 
58362 2013 11 2 194 88 17 
58362 2013 11 3 190 83 24 
58362 2013 11 4 167 59 36 
58362 2013 11 5 160 68 16 
58362 2013 11 6 165 73 15 
58362 2013 11 7 154 78 12 
58362 2013 11 8 184 77 28 
58362 2013 11 9 227 76 23 
58362 2013 11 10 160 82 29 
58362 2013 11 11 137 60 30 
58362 2013 11 12 139 63 27 
58362 2013 11 13 147 61 18 
58362 2013 11 14 136 82 20 
58362 2013 11 15 122 76 14 
58362 2013 11 16 122 69 22 
58362 2013 11 17 116 40 30 
58362 2013 11 18 93 41 26 
58362 2013 11 19 80 52 15 
58362 2013 11 20 96 68 8 
58362 2013 11 21 130 70 18 
58362 2013 11 22 147 79 29 
58362 2013 11 23 169 75 30 
58362 2013 11 24 161 83 51 
58362 2013 11 25 102 58 41 
58362 2013 11 26 88 73 11 
58362 2013 11 27 98 52 41 
58362 2013 11 28 47 35 34 
58362 2013 11 29 47 43 26 
58362 2013 11 30 55 61 11 
58362 2013 12 1 72 65 24 
58362 2013 12 2 69 73 9 
58362 2013 12 3 102 73 12 
58362 2013 12 4 112 80 14 
58362 2013 12 5 106 86 7 
58362 2013 12 6 100 85 22 
58362 2013 12 7 96 87 11 
58362 2013 12 8 137 80 21 
58362 2013 12 9 88 79 44 
58362 2013 12 10 50 54 25 
58362 2013 12 11 53 46 28 
58362 2013 12 12 53 58 13 
58362 2013 12 13 72 69 20 
58362 2013 12 14 81 75 20 
58362 2013 12 15 99 70 30 
58362 2013 12 16 72 80 32 
58362 2013 12 17 68 89 29 
58362 2013 12 18 75 72 41 
58362 2013 12 19 33 62 28 
58362 2013 12 20 23 63 28 
58362 2013 12 21 25 60 32 
58362 2013 12 22 40 67 19 
58362 2013 12 23 41 70 13 
58362 2013 12 24 48 68 23 
58362 2013 12 25 52 73 9 
58362 2013 12 26 40 68 34 
58362 2013 12 27 7 54 44 
58362 2013 12 28 1 51 21 
58362 2013 12 29 2 59 16 
58362 2013 12 30 20 57 21 
58362 2013 12 31 44 55 18 
58362 2014 1 1 57 59 13 
58362 2014 1 2 72 67 17 
58362 2014 1 3 116 58 20 
58362 2014 1 4 72 76 24 
58362 2014 1 5 40 78 13 
58362 2014 1 6 81 71 25 
58362 2014 1 7 103 85 19 
58362 2014 1 8 74 86 41 
58362 2014 1 9 30 58 28 
58362 2014 1 10 25 70 11 
58362 2014 1 11 56 76 32 
58362 2014 1 12 59 73 23 
58362 2014 1 13 47 65 31 
58362 2014 1 14 44 63 22 
58362 2014 1 15 44 60 18 
58362 2014 1 16 52 74 10 
58362 2014 1 17 65 77 13 
58362 2014 1 18 55 72 34 
58362 2014 1 19 39 74 18 
58362 2014 1 20 54 63 30 
58362 2014 1 21 32 47 31 
58362 2014 1 22 19 56 17 
58362 2014 1 23 57 62 29 
58362 2014 1 24 116 60 35 
58362 2014 1 25 109 68 36 
58362 2014 1 26 67 67 29 
58362 2014 1 27 72 71 17 
58362 2014 1 28 83 80 22 
58362 2014 1 29 106 84 21 
58362 2014 1 30 106 85 26 
58362 2014 1 31 142 78 32 
58362 2014 2 1 180 70 27 
58362 2014 2 2 103 94 27 
58362 2014 2 3 75 80 37 
58362 2014 2 4 35 55 30 
58362 2014 2 5 52 78 37 
58362 2014 2 6 78 95 36 
58362 2014 2 7 53 92 37 
58362 2014 2 8 31 71 43 
58362 2014 2 9 21 72 40 
58362 2014 2 10 -2 71 54 
58362 2014 2 11 5 71 35 
58362 2014 2 12 35 78 34 
58362 2014 2 13 53 68 31 
58362 2014 2 14 46 66 26 
58362 2014 2 15 42 68 18 
58362 2014 2 16 68 82 29 
58362 2014 2 17 79 98 36 
58362 2014 2 18 46 91 34 
58362 2014 2 19 33 87 33 
58362 2014 2 20 38 74 24 
58362 2014 2 21 38 76 17 
58362 2014 2 22 68 71 31 
58362 2014 2 23 76 76 24 
58362 2014 2 24 86 91 25 
58362 2014 2 25 97 96 39 
58362 2014 2 26 94 96 21 
58362 2014 2 27 104 86 8 
58362 2014 2 28 79 94 26 
58362 2014 3 1 65 86 26 
58362 2014 3 2 72 67 32 
58362 2014 3 3 85 70 36 
58362 2014 3 4 93 83 24 
58362 2014 3 5 77 66 36 
58362 2014 3 6 62 60 25 
58362 2014 3 7 69 58 26 
58362 2014 3 8 74 62 29 
58362 2014 3 9 71 70 9 
58362 2014 3 10 84 80 24 
58362 2014 3 11 113 65 42 
58362 2014 3 12 129 89 37 
58362 2014 3 13 73 57 40 
58362 2014 3 14 93 50 21 
58362 2014 3 15 130 47 25 
58362 2014 3 16 158 57 31 
58362 2014 3 17 186 67 26 
58362 2014 3 18 162 75 25 
58362 2014 3 19 103 83 30 
58362 2014 3 20 97 57 48 
58362 2014 3 21 96 47 25 
58362 2014 3 22 114 41 31 
58362 2014 3 23 130 61 37 
58362 2014 3 24 168 67 30 
58362 2014 3 25 175 84 20 
58362 2014 3 26 163 82 26 
58362 2014 3 27 141 83 32 
58362 2014 3 28 157 86 33 
58362 2014 3 29 163 96 24 
58362 2014 3 30 139 80 24 
58362 2014 3 31 126 75 28 
58362 2014 4 1 143 79 25 
58362 2014 4 2 145 80 25 
58362 2014 4 3 150 76 29 
58362 2014 4 4 132 50 25 
58362 2014 4 5 129 57 29 
58362 2014 4 6 119 40 24 
58362 2014 4 7 139 65 33 
58362 2014 4 8 163 77 19 
58362 2014 4 9 170 76 17 
58362 2014 4 10 180 57 21 
58362 2014 4 11 153 79 35 
58362 2014 4 12 168 93 29 
58362 2014 4 13 137 89 26 
58362 2014 4 14 148 78 14 
58362 2014 4 15 160 64 33 
58362 2014 4 16 171 85 28 
58362 2014 4 17 176 89 18 
58362 2014 4 18 151 82 28 
58362 2014 4 19 142 93 40 
58362 2014 4 20 145 83 36 
58362 2014 4 21 135 86 23 
58362 2014 4 22 153 73 19 
58362 2014 4 23 154 64 18 
58362 2014 4 24 179 76 36 
58362 2014 4 25 190 74 45 
58362 2014 4 26 176 92 43 
58362 2014 4 27 175 90 26 
58362 2014 4 28 168 76 31 
58362 2014 4 29 171 69 30 
58362 2014 4 30 179 63 21 
58362 2014 5 1 214 60 18 
58362 2014 5 2 229 55 29 
58362 2014 5 3 169 53 24 
58362 2014 5 4 160 73 13 
58362 2014 5 5 162 41 24 
58362 2014 5 6 170 40 30 
58362 2014 5 7 203 57 37 
58362 2014 5 8 197 66 25 
58362 2014 5 9 171 73 28 
58362 2014 5 10 182 89 34 
58362 2014 5 11 210 89 44 
58362 2014 5 12 217 61 14 
58362 2014 5 13 220 51 30 
58362 2014 5 14 224 79 24 
58362 2014 5 15 217 60 26 
58362 2014 5 16 222 48 24 
58362 2014 5 17 190 85 26 
58362 2014 5 18 182 82 29 
58362 2014 5 19 191 91 17 
58362 2014 5 20 212 81 27 
58362 2014 5 21 231 71 16 
58362 2014 5 22 236 61 29 
58362 2014 5 23 228 70 32 
58362 2014 5 24 227 78 43 
58362 2014 5 25 243 87 22 
58362 2014 5 26 260 57 20 
58362 2014 5 27 275 45 23 
58362 2014 5 28 276 43 27 
58362 2014 5 29 278 45 18 
58362 2014 5 30 290 41 31 
58362 2014 5 31 253 62 39 
58362 2014 6 1 225 87 47 
58362 2014 6 2 232 82 42 
58362 2014 6 3 206 77 30 
58362 2014 6 4 217 75 35 
58362 2014 6 5 221 78 23 
58362 2014 6 6 227 79 21 
58362 2014 6 7 247 77 23 
58362 2014 6 8 238 80 22 
58362 2014 6 9 229 75 34 
58362 2014 6 10 228 80 28 
58362 2014 6 11 235 76 25 
58362 2014 6 12 237 69 26 
58362 2014 6 13 261 64 16 
58362 2014 6 14 273 59 19 
58362 2014 6 15 259 67 16 
58362 2014 6 16 232 86 40 
58362 2014 6 17 221 92 15 
58362 2014 6 18 220 80 24 
58362 2014 6 19 236 79 30 
58362 2014 6 20 233 92 25 
58362 2014 6 21 223 94 20 
58362 2014 6 22 226 84 16 
58362 2014 6 23 226 83 11 
58362 2014 6 24 244 79 24 
58362 2014 6 25 223 87 26 
58362 2014 6 26 216 95 30 
58362 2014 6 27 223 91 13 
58362 2014 6 28 242 85 9 
58362 2014 6 29 256 74 17 
58362 2014 6 30 245 74 22 
58362 2014 7 1 223 89 17 
58362 2014 7 2 243 93 23 
58362 2014 7 3 252 79 23 
58362 2014 7 4 242 82 35 
58362 2014 7 5 255 87 27 
58362 2014 7 6 248 81 29 
58362 2014 7 7 246 81 20 
58362 2014 7 8 252 82 26 
58362 2014 7 9 271 79 40 
58362 2014 7 10 289 78 15 
58362 2014 7 11 282 84 18 
58362 2014 7 12 273 87 22 
58362 2014 7 13 244 89 20 
58362 2014 7 14 257 83 16 
58362 2014 7 15 239 93 8 
58362 2014 7 16 265 85 11 
58362 2014 7 17 295 75 26 
58362 2014 7 18 296 77 20 
58362 2014 7 19 298 75 20 
58362 2014 7 20 298 76 27 
58362 2014 7 21 304 73 27 
58362 2014 7 22 305 71 27 
58362 2014 7 23 309 72 45 
58362 2014 7 24 303 75 34 
58362 2014 7 25 294 73 67 
58362 2014 7 26 281 77 25 
58362 2014 7 27 263 90 20 
58362 2014 7 28 274 82 20 
58362 2014 7 29 298 75 28 
58362 2014 7 30 304 73 34 
58362 2014 7 31 296 80 37 
58362 2014 8 1 265 87 41 
58362 2014 8 2 266 85 51 
58362 2014 8 3 296 75 30 
58362 2014 8 4 310 71 17 
58362 2014 8 5 307 75 22 
58362 2014 8 6 299 76 20 
58362 2014 8 7 293 78 30 
58362 2014 8 8 281 82 28 
58362 2014 8 9 261 90 10 
58362 2014 8 10 258 83 18 
58362 2014 8 11 263 75 21 
58362 2014 8 12 260 72 16 
58362 2014 8 13 272 77 28 
58362 2014 8 14 257 89 26 
58362 2014 8 15 246 86 19 
58362 2014 8 16 258 77 27 
58362 2014 8 17 233 92 34 
58362 2014 8 18 232 94 11 
58362 2014 8 19 227 92 6 
58362 2014 8 20 229 92 18 
58362 2014 8 21 245 83 15 
58362 2014 8 22 265 85 20 
58362 2014 8 23 277 85 11 
58362 2014 8 24 292 76 28 
58362 2014 8 25 266 75 30 
58362 2014 8 26 261 74 11 
58362 2014 8 27 230 80 24 
58362 2014 8 28 247 84 26 
58362 2014 8 29 251 87 12 
58362 2014 8 30 254 80 23 
58362 2014 8 31 252 83 26 
58362 2014 9 1 262 86 36 
58362 2014 9 2 265 83 32 
58362 2014 9 3 241 89 29 
58362 2014 9 4 237 82 24 
58362 2014 9 5 255 77 25 
58362 2014 9 6 260 78 28 
58362 2014 9 7 256 80 20 
58362 2014 9 8 255 76 18 
58362 2014 9 9 261 74 23 
58362 2014 9 10 251 79 28 
58362 2014 9 11 246 69 32 
58362 2014 9 12 247 78 21 
58362 2014 9 13 231 89 34 
58362 2014 9 14 246 78 35 
58362 2014 9 15 242 74 36 
58362 2014 9 16 242 75 31 
58362 2014 9 17 246 68 35 
58362 2014 9 18 217 79 22 
58362 2014 9 19 201 80 12 
58362 2014 9 20 216 84 23 
58362 2014 9 21 237 74 38 
58362 2014 9 22 231 83 52 
58362 2014 9 23 239 95 47 
58362 2014 9 24 234 84 33 
58362 2014 9 25 230 79 12 
58362 2014 9 26 236 79 17 
58362 2014 9 27 248 80 26 
58362 2014 9 28 253 76 30 
58362 2014 9 29 256 81 30 
58362 2014 9 30 210 79 35 
58362 2014 10 1 206 68 25 
58362 2014 10 2 224 72 14 
58362 2014 10 3 216 68 37 
58362 2014 10 4 209 65 33 
58362 2014 10 5 217 70 30 
58362 2014 10 6 207 60 29 
58362 2014 10 7 205 56 29 
58362 2014 10 8 201 67 22 
58362 2014 10 9 210 64 17 
58362 2014 10 10 217 75 29 
58362 2014 10 11 219 81 30 
58362 2014 10 12 216 71 55 
58362 2014 10 13 185 57 57 
58362 2014 10 14 165 48 30 
58362 2014 10 15 158 55 20 
58362 2014 10 16 181 64 21 
58362 2014 10 17 202 60 26 
58362 2014 10 18 205 63 23 
58362 2014 10 19 224 70 32 
58362 2014 10 20 246 63 18 
58362 2014 10 21 219 77 33 
58362 2014 10 22 188 72 28 
58362 2014 10 23 179 72 10 
58362 2014 10 24 201 63 21 
58362 2014 10 25 208 67 23 
58362 2014 10 26 213 74 15 
58362 2014 10 27 180 73 28 
58362 2014 10 28 181 65 27 
58362 2014 10 29 192 76 16 
58362 2014 10 30 202 90 13 
58362 2014 10 31 196 93 11 
58362 2014 11 1 184 85 22 
58362 2014 11 2 170 61 45 
58362 2014 11 3 134 48 23 
58362 2014 11 4 137 66 11 
58362 2014 11 5 162 68 10 
58362 2014 11 6 174 70 27 
58362 2014 11 7 161 63 32 
58362 2014 11 8 143 75 21 
58362 2014 11 9 155 66 22 
58362 2014 11 10 153 66 21 
58362 2014 11 11 151 61 20 
58362 2014 11 12 142 65 24 
58362 2014 11 13 122 44 29 
58362 2014 11 14 104 66 10 
58362 2014 11 15 131 64 19 
58362 2014 11 16 138 84 14 
58362 2014 11 17 124 63 29 
58362 2014 11 18 119 60 21 
58362 2014 11 19 131 64 21 
58362 2014 11 20 144 70 20 
58362 2014 11 21 168 77 16 
58362 2014 11 22 165 91 19 
58362 2014 11 23 189 86 21 
58362 2014 11 24 173 88 31 
58362 2014 11 25 134 74 29 
58362 2014 11 26 132 66 17 
58362 2014 11 27 148 78 24 
58362 2014 11 28 145 78 35 
58362 2014 11 29 151 85 32 
58362 2014 11 30 148 89 42 
58362 2014 12 1 73 51 47 
58362 2014 12 2 35 49 20 
58362 2014 12 3 50 68 14 
58362 2014 12 4 37 60 34 
58362 2014 12 5 34 46 29 
58362 2014 12 6 37 63 16 
58362 2014 12 7 75 66 14 
58362 2014 12 8 73 62 25 
58362 2014 12 9 94 64 40 
58362 2014 12 10 98 77 28 
58362 2014 12 11 64 68 35 
58362 2014 12 12 46 52 35 
58362 2014 12 13 40 43 19 
58362 2014 12 14 37 63 12 
58362 2014 12 15 68 72 18 
58362 2014 12 16 39 38 51 
58362 2014 12 17 23 38 31 
58362 2014 12 18 29 64 12 
58362 2014 12 19 79 76 15 
58362 2014 12 20 57 61 27 
58362 2014 12 21 34 45 32 
58362 2014 12 22 19 54 14 
58362 2014 12 23 65 58 20 
58362 2014 12 24 82 54 28 
58362 2014 12 25 61 65 28 
58362 2014 12 26 65 65 27 
58362 2014 12 27 73 64 20 
58362 2014 12 28 56 75 13 
58362 2014 12 29 73 64 22 
58362 2014 12 30 71 72 11 
58362 2014 12 31 68 57 44 
58362 2015 1 1 18 35 35 
58362 2015 1 2 20 47 19 
58362 2015 1 3 57 55 16 
58362 2015 1 4 79 63 10 
58362 2015 1 5 139 67 21 
58362 2015 1 6 69 71 50 
58362 2015 1 7 44 60 42 
58362 2015 1 8 39 55 26 
58362 2015 1 9 39 64 9 
58362 2015 1 10 54 66 12 
58362 2015 1 11 64 70 17 
58362 2015 1 12 62 68 30 
58362 2015 1 13 73 77 30 
58362 2015 1 14 80 92 29 
58362 2015 1 15 71 81 28 
58362 2015 1 16 60 76 20 
58362 2015 1 17 40 65 21 
58362 2015 1 18 48 71 23 
58362 2015 1 19 62 57 22 
58362 2015 1 20 81 66 25 
58362 2015 1 21 103 66 27 
58362 2015 1 22 50 71 40 
58362 2015 1 23 53 73 17 
58362 2015 1 24 91 80 18 
58362 2015 1 25 114 84 28 
58362 2015 1 26 79 85 16 
58362 2015 1 27 49 79 42 
58362 2015 1 28 36 71 34 
58362 2015 1 29 36 90 25 
58362 2015 1 30 33 72 34 
58362 2015 1 31 32 62 37 
58362 2015 2 1 41 68 20 
58362 2015 2 2 53 77 18 
58362 2015 2 3 58 77 17 
58362 2015 2 4 56 65 25 
58362 2015 2 5 37 52 33 
58362 2015 2 6 25 69 6 
58362 2015 2 7 39 64 8 
58362 2015 2 8 33 57 38 
58362 2015 2 9 12 57 14 
58362 2015 2 10 32 59 12 
58362 2015 2 11 80 57 15 
58362 2015 2 12 78 61 24 
58362 2015 2 13 79 66 23 
58362 2015 2 14 122 71 27 
58362 2015 2 15 150 84 14 
58362 2015 2 16 125 80 36 
58362 2015 2 17 84 66 20 
58362 2015 2 18 60 65 20 
58362 2015 2 19 60 61 23 
58362 2015 2 20 94 77 36 
58362 2015 2 21 102 86 20 
58362 2015 2 22 75 79 20 
58362 2015 2 23 65 72 25 
58362 2015 2 24 79 77 18 
58362 2015 2 25 85 91 16 
58362 2015 2 26 83 83 27 
58362 2015 2 27 56 75 37 
58362 2015 2 28 47 88 30 
