54511 2013 11 1 86 80 11 
54511 2013 11 2 87 87 19 
54511 2013 11 3 130 46 22 
54511 2013 11 4 108 45 17 
54511 2013 11 5 98 61 9 
54511 2013 11 6 104 51 29 
54511 2013 11 7 89 33 26 
54511 2013 11 8 77 55 11 
54511 2013 11 9 102 45 24 
54511 2013 11 10 54 14 30 
54511 2013 11 11 76 26 21 
54511 2013 11 12 80 42 13 
54511 2013 11 13 61 63 13 
54511 2013 11 14 102 28 26 
54511 2013 11 15 71 44 14 
54511 2013 11 16 81 34 38 
54511 2013 11 17 53 31 24 
54511 2013 11 18 43 27 32 
54511 2013 11 19 24 33 21 
54511 2013 11 20 31 46 8 
54511 2013 11 21 44 49 12 
54511 2013 11 22 47 55 11 
54511 2013 11 23 53 56 13 
54511 2013 11 24 71 46 18 
54511 2013 11 25 46 29 27 
54511 2013 11 26 26 25 32 
54511 2013 11 27 -19 15 66 
54511 2013 11 28 -1 15 27 
54511 2013 11 29 31 33 18 
54511 2013 11 30 45 31 25 
54511 2013 12 1 28 47 7 
54511 2013 12 2 29 47 10 
54511 2013 12 3 50 42 14 
54511 2013 12 4 47 47 11 
54511 2013 12 5 64 32 26 
54511 2013 12 6 31 50 11 
54511 2013 12 7 15 74 14 
54511 2013 12 8 46 66 23 
54511 2013 12 9 31 29 37 
54511 2013 12 10 8 38 34 
54511 2013 12 11 11 28 23 
54511 2013 12 12 -16 26 33 
54511 2013 12 13 -31 31 21 
54511 2013 12 14 -10 28 20 
54511 2013 12 15 -14 31 11 
54511 2013 12 16 -12 41 10 
54511 2013 12 17 -6 49 19 
54511 2013 12 18 -44 37 26 
54511 2013 12 19 -45 44 15 
54511 2013 12 20 -28 36 19 
54511 2013 12 21 -24 36 17 
54511 2013 12 22 -33 52 11 
54511 2013 12 23 -27 55 10 
54511 2013 12 24 -27 61 13 
54511 2013 12 25 -16 55 34 
54511 2013 12 26 -19 22 42 
54511 2013 12 27 -16 25 14 
54511 2013 12 28 -11 24 25 
54511 2013 12 29 -18 31 11 
54511 2013 12 30 40 19 31 
54511 2013 12 31 41 25 27 
54511 2014 1 1 30 33 18 
54511 2014 1 2 10 55 11 
54511 2014 1 3 44 31 23 
54511 2014 1 4 -13 74 15 
54511 2014 1 5 12 46 23 
54511 2014 1 6 -8 77 13 
54511 2014 1 7 13 51 26 
54511 2014 1 8 -14 20 37 
54511 2014 1 9 -27 19 25 
54511 2014 1 10 -43 31 12 
54511 2014 1 11 -31 40 11 
54511 2014 1 12 -10 21 22 
54511 2014 1 13 -31 37 10 
54511 2014 1 14 -30 53 14 
54511 2014 1 15 -30 49 9 
54511 2014 1 16 -5 68 18 
54511 2014 1 17 -2 67 18 
54511 2014 1 18 -15 59 17 
54511 2014 1 19 2 54 30 
54511 2014 1 20 2 23 44 
54511 2014 1 21 -13 25 20 
54511 2014 1 22 -21 35 10 
54511 2014 1 23 -26 51 14 
54511 2014 1 24 28 34 16 
54511 2014 1 25 26 23 20 
54511 2014 1 26 -19 61 22 
54511 2014 1 27 12 51 19 
54511 2014 1 28 0 36 28 
54511 2014 1 29 -21 67 16 
54511 2014 1 30 11 43 23 
54511 2014 1 31 -6 71 19 
54511 2014 2 1 20 86 15 
54511 2014 2 2 37 51 41 
54511 2014 2 3 -6 9 35 
54511 2014 2 4 -25 12 17 
54511 2014 2 5 -26 36 15 
54511 2014 2 6 -23 49 16 
54511 2014 2 7 -32 83 16 
54511 2014 2 8 -26 59 31 
54511 2014 2 9 -57 31 31 
54511 2014 2 10 -52 34 18 
54511 2014 2 11 -54 54 16 
54511 2014 2 12 -31 51 12 
54511 2014 2 13 -22 65 20 
54511 2014 2 14 -23 69 15 
54511 2014 2 15 -19 71 13 
54511 2014 2 16 5 64 16 
54511 2014 2 17 15 35 25 
54511 2014 2 18 -8 50 19 
54511 2014 2 19 -1 50 19 
54511 2014 2 20 -18 84 16 
54511 2014 2 21 -5 76 12 
54511 2014 2 22 27 66 20 
54511 2014 2 23 13 66 15 
54511 2014 2 24 35 63 18 
54511 2014 2 25 34 69 7 
54511 2014 2 26 54 73 15 
54511 2014 2 27 48 27 42 
54511 2014 2 28 22 51 19 
54511 2014 3 1 54 29 23 
54511 2014 3 2 32 54 24 
54511 2014 3 3 23 64 24 
54511 2014 3 4 57 25 37 
54511 2014 3 5 36 21 29 
54511 2014 3 6 33 13 26 
54511 2014 3 7 27 35 25 
54511 2014 3 8 41 53 15 
54511 2014 3 9 42 45 25 
54511 2014 3 10 30 59 20 
54511 2014 3 11 72 53 26 
54511 2014 3 12 77 18 34 
54511 2014 3 13 72 16 23 
54511 2014 3 14 117 12 40 
54511 2014 3 15 127 26 19 
54511 2014 3 16 117 31 25 
54511 2014 3 17 127 39 24 
54511 2014 3 18 123 26 26 
54511 2014 3 19 88 37 20 
54511 2014 3 20 123 17 36 
54511 2014 3 21 151 18 24 
54511 2014 3 22 156 21 22 
54511 2014 3 23 133 35 17 
54511 2014 3 24 135 51 17 
54511 2014 3 25 155 48 14 
54511 2014 3 26 166 63 22 
54511 2014 3 27 139 66 19 
54511 2014 3 28 163 58 23 
54511 2014 3 29 174 36 23 
54511 2014 3 30 184 32 15 
54511 2014 3 31 172 50 16 
54511 2014 4 1 163 60 19 
54511 2014 4 2 170 47 22 
54511 2014 4 3 143 22 28 
54511 2014 4 4 149 27 40 
54511 2014 4 5 129 27 28 
54511 2014 4 6 164 28 29 
54511 2014 4 7 172 38 17 
54511 2014 4 8 182 44 23 
54511 2014 4 9 212 42 37 
54511 2014 4 10 160 34 12 
54511 2014 4 11 146 35 15 
54511 2014 4 12 150 37 13 
54511 2014 4 13 169 51 16 
54511 2014 4 14 186 62 23 
54511 2014 4 15 177 45 24 
54511 2014 4 16 174 27 13 
54511 2014 4 17 148 63 16 
54511 2014 4 18 152 68 16 
54511 2014 4 19 124 57 15 
54511 2014 4 20 152 50 18 
54511 2014 4 21 181 36 17 
54511 2014 4 22 197 39 37 
54511 2014 4 23 200 60 27 
54511 2014 4 24 199 57 21 
54511 2014 4 25 207 47 29 
54511 2014 4 26 156 63 28 
54511 2014 4 27 176 52 21 
54511 2014 4 28 188 42 20 
54511 2014 4 29 193 41 18 
54511 2014 4 30 209 48 24 
54511 2014 5 1 207 55 37 
54511 2014 5 2 164 28 39 
54511 2014 5 3 165 33 50 
54511 2014 5 4 142 17 44 
54511 2014 5 5 144 24 22 
54511 2014 5 6 161 39 23 
54511 2014 5 7 198 37 27 
54511 2014 5 8 176 53 23 
54511 2014 5 9 178 45 33 
54511 2014 5 10 174 46 25 
54511 2014 5 11 116 87 31 
54511 2014 5 12 212 52 34 
54511 2014 5 13 241 35 21 
54511 2014 5 14 196 21 40 
54511 2014 5 15 216 30 23 
54511 2014 5 16 238 27 36 
54511 2014 5 17 223 34 24 
54511 2014 5 18 237 41 23 
54511 2014 5 19 242 51 11 
54511 2014 5 20 258 41 29 
54511 2014 5 21 247 48 17 
54511 2014 5 22 271 49 29 
54511 2014 5 23 285 38 29 
54511 2014 5 24 216 80 19 
54511 2014 5 25 236 53 27 
54511 2014 5 26 264 25 33 
54511 2014 5 27 280 20 38 
54511 2014 5 28 288 25 28 
54511 2014 5 29 318 25 18 
54511 2014 5 30 298 37 24 
54511 2014 5 31 282 46 14 
54511 2014 6 1 247 59 24 
54511 2014 6 2 220 54 22 
54511 2014 6 3 252 46 17 
54511 2014 6 4 257 48 13 
54511 2014 6 5 280 46 14 
54511 2014 6 6 217 74 28 
54511 2014 6 7 231 49 31 
54511 2014 6 8 233 52 20 
54511 2014 6 9 233 54 21 
54511 2014 6 10 217 68 21 
54511 2014 6 11 237 59 19 
54511 2014 6 12 278 43 21 
54511 2014 6 13 260 59 19 
54511 2014 6 14 259 61 15 
54511 2014 6 15 262 63 22 
54511 2014 6 16 259 66 14 
54511 2014 6 17 232 77 17 
54511 2014 6 18 240 71 19 
54511 2014 6 19 240 75 19 
54511 2014 6 20 221 73 23 
54511 2014 6 21 220 74 20 
54511 2014 6 22 220 73 17 
54511 2014 6 23 250 56 15 
54511 2014 6 24 273 51 19 
54511 2014 6 25 244 70 16 
54511 2014 6 26 262 71 13 
54511 2014 6 27 292 39 38 
54511 2014 6 28 299 34 14 
54511 2014 6 29 288 49 18 
54511 2014 6 30 298 46 20 
54511 2014 7 1 288 52 20 
54511 2014 7 2 234 85 13 
54511 2014 7 3 261 78 19 
54511 2014 7 4 271 77 18 
54511 2014 7 5 271 71 17 
54511 2014 7 6 282 72 17 
54511 2014 7 7 282 71 23 
54511 2014 7 8 294 55 19 
54511 2014 7 9 281 44 18 
54511 2014 7 10 296 43 26 
54511 2014 7 11 303 42 19 
54511 2014 7 12 293 34 31 
54511 2014 7 13 283 47 26 
54511 2014 7 14 284 56 15 
54511 2014 7 15 275 53 33 
54511 2014 7 16 254 76 18 
54511 2014 7 17 255 80 15 
54511 2014 7 18 291 68 22 
54511 2014 7 19 313 64 18 
54511 2014 7 20 307 66 20 
54511 2014 7 21 309 50 36 
54511 2014 7 22 288 43 12 
54511 2014 7 23 266 60 14 
54511 2014 7 24 266 66 16 
54511 2014 7 25 274 58 19 
54511 2014 7 26 288 54 27 
54511 2014 7 27 287 51 24 
54511 2014 7 28 291 61 27 
54511 2014 7 29 295 59 32 
54511 2014 7 30 247 84 16 
54511 2014 7 31 271 75 15 
54511 2014 8 1 277 75 18 
54511 2014 8 2 296 70 12 
54511 2014 8 3 305 70 16 
54511 2014 8 4 246 81 25 
54511 2014 8 5 250 69 14 
54511 2014 8 6 278 57 19 
54511 2014 8 7 273 58 19 
54511 2014 8 8 270 52 24 
54511 2014 8 9 268 55 16 
54511 2014 8 10 265 63 19 
54511 2014 8 11 287 43 23 
54511 2014 8 12 278 43 19 
54511 2014 8 13 205 87 15 
54511 2014 8 14 238 69 16 
54511 2014 8 15 261 59 14 
54511 2014 8 16 268 61 15 
54511 2014 8 17 261 56 27 
54511 2014 8 18 257 61 18 
54511 2014 8 19 266 62 22 
54511 2014 8 20 272 60 27 
54511 2014 8 21 275 67 13 
54511 2014 8 22 256 65 17 
54511 2014 8 23 270 72 18 
54511 2014 8 24 265 51 26 
54511 2014 8 25 265 41 14 
54511 2014 8 26 270 39 17 
54511 2014 8 27 268 47 19 
54511 2014 8 28 257 57 18 
54511 2014 8 29 227 75 14 
54511 2014 8 30 243 77 17 
54511 2014 8 31 229 84 21 
54511 2014 9 1 237 80 14 
54511 2014 9 2 198 94 15 
54511 2014 9 3 228 58 19 
54511 2014 9 4 247 56 27 
54511 2014 9 5 243 65 20 
54511 2014 9 6 248 74 13 
54511 2014 9 7 253 67 19 
54511 2014 9 8 251 27 30 
54511 2014 9 9 224 53 16 
54511 2014 9 10 237 54 13 
54511 2014 9 11 228 63 16 
54511 2014 9 12 209 73 15 
54511 2014 9 13 222 63 18 
54511 2014 9 14 205 57 16 
54511 2014 9 15 210 42 19 
54511 2014 9 16 185 54 15 
54511 2014 9 17 179 61 17 
54511 2014 9 18 193 62 16 
54511 2014 9 19 191 73 15 
54511 2014 9 20 219 74 16 
54511 2014 9 21 213 71 19 
54511 2014 9 22 207 77 16 
54511 2014 9 23 185 92 16 
54511 2014 9 24 198 77 20 
54511 2014 9 25 186 87 13 
54511 2014 9 26 196 80 16 
54511 2014 9 27 201 57 17 
54511 2014 9 28 190 72 14 
54511 2014 9 29 181 66 26 
54511 2014 9 30 127 42 19 
54511 2014 10 1 124 79 15 
54511 2014 10 2 146 84 14 
54511 2014 10 3 152 88 17 
54511 2014 10 4 149 90 17 
54511 2014 10 5 150 66 15 
54511 2014 10 6 144 53 17 
54511 2014 10 7 149 65 11 
54511 2014 10 8 155 83 12 
54511 2014 10 9 164 85 6 
54511 2014 10 10 180 82 16 
54511 2014 10 11 171 76 18 
54511 2014 10 12 156 33 27 
54511 2014 10 13 126 25 23 
54511 2014 10 14 126 48 19 
54511 2014 10 15 151 41 29 
54511 2014 10 16 141 32 30 
54511 2014 10 17 143 51 12 
54511 2014 10 18 156 65 11 
54511 2014 10 19 168 75 16 
54511 2014 10 20 148 91 16 
54511 2014 10 21 123 41 17 
54511 2014 10 22 110 66 14 
54511 2014 10 23 130 70 12 
54511 2014 10 24 137 83 12 
54511 2014 10 25 139 90 8 
54511 2014 10 26 136 43 40 
54511 2014 10 27 97 42 15 
54511 2014 10 28 97 61 10 
54511 2014 10 29 116 64 10 
54511 2014 10 30 129 65 12 
54511 2014 10 31 134 77 13 
54511 2014 11 1 130 53 20 
54511 2014 11 2 114 19 39 
54511 2014 11 3 99 41 19 
54511 2014 11 4 84 57 8 
54511 2014 11 5 135 37 22 
54511 2014 11 6 97 26 35 
54511 2014 11 7 61 48 20 
54511 2014 11 8 53 70 11 
54511 2014 11 9 71 61 11 
54511 2014 11 10 66 65 8 
54511 2014 11 11 89 43 23 
54511 2014 11 12 65 15 51 
54511 2014 11 13 48 28 15 
54511 2014 11 14 52 36 14 
54511 2014 11 15 48 45 8 
54511 2014 11 16 68 59 30 
54511 2014 11 17 71 34 17 
54511 2014 11 18 53 46 9 
54511 2014 11 19 38 70 13 
54511 2014 11 20 37 79 12 
54511 2014 11 21 53 68 8 
54511 2014 11 22 71 31 19 
54511 2014 11 23 45 85 12 
54511 2014 11 24 46 51 11 
54511 2014 11 25 32 82 19 
54511 2014 11 26 31 84 11 
54511 2014 11 27 53 38 20 
54511 2014 11 28 50 57 15 
54511 2014 11 29 30 96 13 
54511 2014 11 30 40 41 47 
54511 2014 12 1 -33 19 40 
54511 2014 12 2 -40 25 22 
54511 2014 12 3 -19 19 40 
54511 2014 12 4 -11 15 33 
54511 2014 12 5 -20 22 18 
54511 2014 12 6 -20 36 12 
54511 2014 12 7 11 44 31 
54511 2014 12 8 -6 38 14 
54511 2014 12 9 -20 62 15 
54511 2014 12 10 2 55 30 
54511 2014 12 11 -2 30 24 
54511 2014 12 12 2 21 39 
54511 2014 12 13 9 22 21 
54511 2014 12 14 -5 35 13 
54511 2014 12 15 -2 29 48 
54511 2014 12 16 -23 22 66 
54511 2014 12 17 -15 29 21 
54511 2014 12 18 -20 55 15 
54511 2014 12 19 7 40 30 
54511 2014 12 20 -15 24 26 
54511 2014 12 21 -23 24 28 
54511 2014 12 22 2 34 11 
54511 2014 12 23 0 46 10 
54511 2014 12 24 31 24 29 
54511 2014 12 25 14 36 10 
54511 2014 12 26 -13 53 13 
54511 2014 12 27 -7 55 11 
54511 2014 12 28 18 48 16 
54511 2014 12 29 22 46 15 
54511 2014 12 30 27 35 16 
54511 2014 12 31 -18 19 57 
54511 2015 1 1 -21 22 23 
54511 2015 1 2 -20 31 18 
54511 2015 1 3 -20 38 12 
54511 2015 1 4 2 42 14 
54511 2015 1 5 39 35 40 
54511 2015 1 6 -3 18 28 
54511 2015 1 7 -19 35 9 
54511 2015 1 8 -19 65 14 
54511 2015 1 9 11 34 20 
54511 2015 1 10 14 38 18 
54511 2015 1 11 21 33 18 
54511 2015 1 12 -11 51 12 
54511 2015 1 13 -17 67 13 
54511 2015 1 14 -11 71 15 
54511 2015 1 15 -30 90 15 
54511 2015 1 16 -2 45 36 
54511 2015 1 17 -22 34 21 
54511 2015 1 18 18 34 31 
54511 2015 1 19 13 34 13 
54511 2015 1 20 -9 62 18 
54511 2015 1 21 20 30 36 
54511 2015 1 22 -7 42 17 
54511 2015 1 23 -6 51 6 
54511 2015 1 24 10 56 19 
54511 2015 1 25 -3 83 19 
54511 2015 1 26 -8 57 32 
54511 2015 1 27 -35 24 38 
54511 2015 1 28 -23 26 18 
54511 2015 1 29 -2 38 38 
54511 2015 1 30 -13 20 24 
54511 2015 1 31 -23 22 15 
54511 2015 2 1 -27 32 13 
54511 2015 2 2 -14 36 12 
54511 2015 2 3 20 54 19 
54511 2015 2 4 16 25 45 
54511 2015 2 5 26 28 24 
54511 2015 2 6 17 37 13 
54511 2015 2 7 22 20 41 
54511 2015 2 8 -36 17 27 
54511 2015 2 9 -15 28 20 
54511 2015 2 10 21 34 13 
54511 2015 2 11 44 27 28 
54511 2015 2 12 23 32 21 
54511 2015 2 13 11 48 14 
54511 2015 2 14 28 46 18 
54511 2015 2 15 34 52 14 
54511 2015 2 16 41 47 23 
54511 2015 2 17 49 31 20 
54511 2015 2 18 37 39 26 
54511 2015 2 19 6 56 20 
54511 2015 2 20 4 97 15 
54511 2015 2 21 6 77 27 
54511 2015 2 22 -10 26 46 
54511 2015 2 23 6 33 22 
54511 2015 2 24 6 66 15 
54511 2015 2 25 35 33 42 
54511 2015 2 26 20 18 26 
54511 2015 2 27 2 35 23 
54511 2015 2 28 -10 91 27 