54527 2013 11 1 90 89 8 
54527 2013 11 2 107 93 19 
54527 2013 11 3 115 68 34 
54527 2013 11 4 102 57 17 
54527 2013 11 5 122 58 22 
54527 2013 11 6 112 62 24 
54527 2013 11 7 101 37 28 
54527 2013 11 8 110 52 30 
54527 2013 11 9 103 77 17 
54527 2013 11 10 49 28 48 
54527 2013 11 11 59 43 19 
54527 2013 11 12 71 52 19 
54527 2013 11 13 74 70 20 
54527 2013 11 14 76 57 22 
54527 2013 11 15 79 51 24 
54527 2013 11 16 86 39 49 
54527 2013 11 17 50 36 35 
54527 2013 11 18 34 34 38 
54527 2013 11 19 36 31 39 
54527 2013 11 20 30 55 12 
54527 2013 11 21 30 65 14 
54527 2013 11 22 44 60 19 
54527 2013 11 23 54 81 13 
54527 2013 11 24 57 73 30 
54527 2013 11 25 42 40 38 
54527 2013 11 26 25 39 36 
54527 2013 11 27 -16 19 72 
54527 2013 11 28 -5 21 38 
54527 2013 11 29 28 39 22 
54527 2013 11 30 35 46 22 
54527 2013 12 1 29 67 16 
54527 2013 12 2 24 68 15 
54527 2013 12 3 49 52 18 
54527 2013 12 4 48 51 12 
54527 2013 12 5 54 46 29 
54527 2013 12 6 31 70 29 
54527 2013 12 7 25 87 18 
54527 2013 12 8 21 99 20 
54527 2013 12 9 18 40 42 
54527 2013 12 10 6 49 39 
54527 2013 12 11 10 36 31 
54527 2013 12 12 -8 34 58 
54527 2013 12 13 -30 38 14 
54527 2013 12 14 -16 42 14 
54527 2013 12 15 -14 44 9 
54527 2013 12 16 -10 59 11 
54527 2013 12 17 -10 85 25 
54527 2013 12 18 -70 73 16 
54527 2013 12 19 -64 66 18 
54527 2013 12 20 -50 56 27 
54527 2013 12 21 -35 52 21 
54527 2013 12 22 -35 66 15 
54527 2013 12 23 -33 64 11 
54527 2013 12 24 -25 77 21 
54527 2013 12 25 -22 76 19 
54527 2013 12 26 -31 32 57 
54527 2013 12 27 -34 36 18 
54527 2013 12 28 -20 34 40 
54527 2013 12 29 -20 37 26 
54527 2013 12 30 -8 41 17 
54527 2013 12 31 12 38 23 
54527 2014 1 1 23 39 12 
54527 2014 1 2 15 58 17 
54527 2014 1 3 18 58 15 
54527 2014 1 4 0 68 25 
54527 2014 1 5 -9 73 29 
54527 2014 1 6 -14 84 18 
54527 2014 1 7 12 64 25 
54527 2014 1 8 -28 41 26 
54527 2014 1 9 -55 42 11 
54527 2014 1 10 -40 66 13 
54527 2014 1 11 -39 80 15 
54527 2014 1 12 -21 38 28 
54527 2014 1 13 -37 64 19 
54527 2014 1 14 -42 70 11 
54527 2014 1 15 -34 84 15 
54527 2014 1 16 -9 86 23 
54527 2014 1 17 -8 70 21 
54527 2014 1 18 -20 68 24 
54527 2014 1 19 -11 64 24 
54527 2014 1 20 -3 26 59 
54527 2014 1 21 -27 34 28 
54527 2014 1 22 -19 43 14 
54527 2014 1 23 -5 50 21 
54527 2014 1 24 13 51 21 
54527 2014 1 25 10 55 23 
54527 2014 1 26 -22 72 19 
54527 2014 1 27 18 47 26 
54527 2014 1 28 -2 61 26 
54527 2014 1 29 0 65 21 
54527 2014 1 30 16 54 31 
54527 2014 1 31 -1 79 28 
54527 2014 2 1 17 93 18 
54527 2014 2 2 36 70 40 
54527 2014 2 3 -4 24 56 
54527 2014 2 4 -39 24 16 
54527 2014 2 5 -22 43 19 
54527 2014 2 6 -16 64 22 
54527 2014 2 7 -23 82 28 
54527 2014 2 8 -25 65 25 
54527 2014 2 9 -63 39 41 
54527 2014 2 10 -64 52 14 
54527 2014 2 11 -46 58 19 
54527 2014 2 12 -30 61 14 
54527 2014 2 13 -16 72 26 
54527 2014 2 14 -8 66 20 
54527 2014 2 15 -1 68 21 
54527 2014 2 16 3 72 26 
54527 2014 2 17 7 40 32 
54527 2014 2 18 -10 56 29 
54527 2014 2 19 -9 69 17 
54527 2014 2 20 -8 79 25 
54527 2014 2 21 14 73 10 
54527 2014 2 22 30 73 22 
54527 2014 2 23 15 84 20 
54527 2014 2 24 43 73 9 
54527 2014 2 25 61 72 14 
54527 2014 2 26 80 72 30 
54527 2014 2 27 49 38 48 
54527 2014 2 28 28 63 28 
54527 2014 3 1 34 59 24 
54527 2014 3 2 41 57 17 
54527 2014 3 3 48 78 21 
54527 2014 3 4 47 45 31 
54527 2014 3 5 33 47 22 
54527 2014 3 6 19 37 33 
54527 2014 3 7 23 49 24 
54527 2014 3 8 56 61 22 
54527 2014 3 9 41 59 33 
54527 2014 3 10 43 69 21 
54527 2014 3 11 85 59 20 
54527 2014 3 12 74 33 30 
54527 2014 3 13 61 37 23 
54527 2014 3 14 101 18 38 
54527 2014 3 15 126 34 28 
54527 2014 3 16 106 51 38 
54527 2014 3 17 124 50 38 
54527 2014 3 18 93 41 36 
54527 2014 3 19 68 68 27 
54527 2014 3 20 106 26 30 
54527 2014 3 21 125 32 18 
54527 2014 3 22 148 39 38 
54527 2014 3 23 121 51 26 
54527 2014 3 24 147 53 32 
54527 2014 3 25 159 63 21 
54527 2014 3 26 171 67 28 
54527 2014 3 27 166 67 28 
54527 2014 3 28 144 72 13 
54527 2014 3 29 145 73 22 
54527 2014 3 30 169 53 29 
54527 2014 3 31 181 54 35 
54527 2014 4 1 175 56 17 
54527 2014 4 2 159 48 34 
54527 2014 4 3 128 34 54 
54527 2014 4 4 130 30 44 
54527 2014 4 5 120 31 42 
54527 2014 4 6 158 32 43 
54527 2014 4 7 164 42 29 
54527 2014 4 8 182 53 33 
54527 2014 4 9 209 50 43 
54527 2014 4 10 150 33 32 
54527 2014 4 11 132 45 23 
54527 2014 4 12 148 49 23 
54527 2014 4 13 156 62 25 
54527 2014 4 14 198 59 39 
54527 2014 4 15 165 49 36 
54527 2014 4 16 170 28 20 
54527 2014 4 17 143 68 32 
54527 2014 4 18 139 67 32 
54527 2014 4 19 141 44 13 
54527 2014 4 20 148 52 19 
54527 2014 4 21 183 49 19 
54527 2014 4 22 196 45 29 
54527 2014 4 23 205 57 41 
54527 2014 4 24 208 49 40 
54527 2014 4 25 215 49 29 
54527 2014 4 26 134 83 30 
54527 2014 4 27 155 73 25 
54527 2014 4 28 180 48 30 
54527 2014 4 29 202 39 26 
54527 2014 4 30 220 41 33 
54527 2014 5 1 233 48 29 
54527 2014 5 2 169 33 58 
54527 2014 5 3 189 29 64 
54527 2014 5 4 140 20 65 
54527 2014 5 5 145 27 31 
54527 2014 5 6 174 43 40 
54527 2014 5 7 184 57 38 
54527 2014 5 8 180 52 33 
54527 2014 5 9 186 50 55 
54527 2014 5 10 177 52 42 
54527 2014 5 11 121 92 34 
54527 2014 5 12 208 51 41 
54527 2014 5 13 236 50 33 
54527 2014 5 14 198 26 58 
54527 2014 5 15 211 35 24 
54527 2014 5 16 221 42 27 
54527 2014 5 17 219 38 42 
54527 2014 5 18 242 41 28 
54527 2014 5 19 247 53 28 
54527 2014 5 20 243 60 34 
54527 2014 5 21 253 61 38 
54527 2014 5 22 285 45 33 
54527 2014 5 23 286 44 39 
54527 2014 5 24 218 81 30 
54527 2014 5 25 235 56 14 
54527 2014 5 26 268 27 40 
54527 2014 5 27 270 32 47 
54527 2014 5 28 294 27 40 
54527 2014 5 29 310 28 24 
54527 2014 5 30 296 41 45 
54527 2014 5 31 277 58 41 
54527 2014 6 1 247 64 32 
54527 2014 6 2 216 58 28 
54527 2014 6 3 248 50 31 
54527 2014 6 4 244 58 18 
54527 2014 6 5 269 61 31 
54527 2014 6 6 249 67 34 
54527 2014 6 7 221 59 37 
54527 2014 6 8 226 61 17 
54527 2014 6 9 242 59 34 
54527 2014 6 10 227 76 29 
54527 2014 6 11 230 66 20 
54527 2014 6 12 267 53 25 
54527 2014 6 13 259 62 35 
54527 2014 6 14 267 59 18 
54527 2014 6 15 285 52 42 
54527 2014 6 16 263 64 38 
54527 2014 6 17 249 71 22 
54527 2014 6 18 240 79 22 
54527 2014 6 19 232 80 30 
54527 2014 6 20 212 80 31 
54527 2014 6 21 225 76 26 
54527 2014 6 22 235 71 25 
54527 2014 6 23 246 67 13 
54527 2014 6 24 268 56 30 
54527 2014 6 25 245 74 27 
54527 2014 6 26 266 72 24 
54527 2014 6 27 278 49 33 
54527 2014 6 28 285 46 22 
54527 2014 6 29 294 50 19 
54527 2014 6 30 296 47 23 
54527 2014 7 1 286 57 27 
54527 2014 7 2 246 84 26 
54527 2014 7 3 265 75 15 
54527 2014 7 4 273 81 18 
54527 2014 7 5 269 79 13 
54527 2014 7 6 275 75 25 
54527 2014 7 7 286 67 36 
54527 2014 7 8 295 63 27 
54527 2014 7 9 283 55 22 
54527 2014 7 10 284 50 30 
54527 2014 7 11 282 59 27 
54527 2014 7 12 288 54 26 
54527 2014 7 13 288 50 23 
54527 2014 7 14 303 48 31 
54527 2014 7 15 273 55 34 
54527 2014 7 16 259 76 35 
54527 2014 7 17 267 78 28 
54527 2014 7 18 301 75 24 
54527 2014 7 19 308 73 25 
54527 2014 7 20 308 69 43 
54527 2014 7 21 303 65 28 
54527 2014 7 22 272 66 18 
54527 2014 7 23 261 66 24 
54527 2014 7 24 254 78 21 
54527 2014 7 25 259 75 17 
54527 2014 7 26 278 54 30 
54527 2014 7 27 284 60 31 
54527 2014 7 28 290 63 30 
54527 2014 7 29 291 61 37 
54527 2014 7 30 274 71 26 
54527 2014 7 31 270 77 23 
54527 2014 8 1 286 79 23 
54527 2014 8 2 305 70 23 
54527 2014 8 3 310 70 16 
54527 2014 8 4 251 88 31 
54527 2014 8 5 240 80 13 
54527 2014 8 6 266 70 18 
54527 2014 8 7 271 56 24 
54527 2014 8 8 265 60 20 
54527 2014 8 9 277 61 26 
54527 2014 8 10 276 58 25 
54527 2014 8 11 283 54 20 
54527 2014 8 12 279 55 20 
54527 2014 8 13 214 81 33 
54527 2014 8 14 237 71 18 
54527 2014 8 15 267 56 17 
54527 2014 8 16 281 62 19 
54527 2014 8 17 240 77 26 
54527 2014 8 18 244 72 18 
54527 2014 8 19 255 68 15 
54527 2014 8 20 269 64 30 
54527 2014 8 21 277 68 26 
54527 2014 8 22 279 65 21 
54527 2014 8 23 269 72 30 
54527 2014 8 24 244 80 25 
54527 2014 8 25 254 61 22 
54527 2014 8 26 259 61 15 
54527 2014 8 27 269 59 12 
54527 2014 8 28 253 69 21 
54527 2014 8 29 231 81 23 
54527 2014 8 30 252 76 26 
54527 2014 8 31 228 86 15 
54527 2014 9 1 243 82 10 
54527 2014 9 2 210 89 31 
54527 2014 9 3 228 59 22 
54527 2014 9 4 245 49 28 
54527 2014 9 5 247 69 29 
54527 2014 9 6 251 72 16 
54527 2014 9 7 249 75 17 
54527 2014 9 8 239 56 24 
54527 2014 9 9 233 61 16 
54527 2014 9 10 242 64 22 
54527 2014 9 11 239 66 30 
54527 2014 9 12 200 76 24 
54527 2014 9 13 223 67 17 
54527 2014 9 14 189 78 18 
54527 2014 9 15 184 60 17 
54527 2014 9 16 180 65 23 
54527 2014 9 17 168 72 20 
54527 2014 9 18 181 71 10 
54527 2014 9 19 191 76 17 
54527 2014 9 20 202 82 16 
54527 2014 9 21 214 79 32 
54527 2014 9 22 231 78 17 
54527 2014 9 23 206 87 26 
54527 2014 9 24 193 83 21 
54527 2014 9 25 193 82 21 
54527 2014 9 26 216 77 29 
54527 2014 9 27 211 66 17 
54527 2014 9 28 205 72 19 
54527 2014 9 29 176 72 29 
54527 2014 9 30 130 41 23 
54527 2014 10 1 140 80 20 
54527 2014 10 2 155 83 19 
54527 2014 10 3 169 78 24 
54527 2014 10 4 152 88 31 
54527 2014 10 5 151 72 32 
54527 2014 10 6 143 63 17 
54527 2014 10 7 162 60 22 
54527 2014 10 8 180 69 24 
54527 2014 10 9 182 76 14 
54527 2014 10 10 183 80 19 
54527 2014 10 11 182 82 21 
54527 2014 10 12 144 54 40 
54527 2014 10 13 109 45 22 
54527 2014 10 14 127 48 24 
54527 2014 10 15 151 42 32 
54527 2014 10 16 139 36 24 
54527 2014 10 17 155 48 23 
54527 2014 10 18 174 61 23 
54527 2014 10 19 170 73 30 
54527 2014 10 20 155 82 20 
54527 2014 10 21 124 39 23 
54527 2014 10 22 131 58 21 
54527 2014 10 23 143 81 14 
54527 2014 10 24 157 86 19 
54527 2014 10 25 132 97 8 
54527 2014 10 26 145 65 29 
54527 2014 10 27 98 49 17 
54527 2014 10 28 101 70 14 
54527 2014 10 29 127 70 14 
54527 2014 10 30 134 64 14 
54527 2014 10 31 120 86 22 
54527 2014 11 1 120 70 25 
54527 2014 11 2 105 27 42 
54527 2014 11 3 101 39 21 
54527 2014 11 4 108 47 31 
54527 2014 11 5 112 49 15 
54527 2014 11 6 93 31 28 
54527 2014 11 7 63 60 17 
54527 2014 11 8 77 63 12 
54527 2014 11 9 73 72 15 
54527 2014 11 10 84 71 16 
54527 2014 11 11 90 49 34 
54527 2014 11 12 61 19 69 
54527 2014 11 13 40 35 14 
54527 2014 11 14 51 36 15 
54527 2014 11 15 76 53 19 
54527 2014 11 16 71 63 35 
54527 2014 11 17 69 35 31 
54527 2014 11 18 57 52 15 
54527 2014 11 19 69 58 24 
54527 2014 11 20 61 70 20 
54527 2014 11 21 50 81 14 
54527 2014 11 22 61 52 27 
54527 2014 11 23 59 81 18 
54527 2014 11 24 48 64 21 
54527 2014 11 25 42 75 16 
54527 2014 11 26 42 78 21 
54527 2014 11 27 50 67 29 
54527 2014 11 28 38 79 22 
54527 2014 11 29 29 95 13 
54527 2014 11 30 47 54 57 
54527 2014 12 1 -33 20 62 
54527 2014 12 2 -45 31 24 
54527 2014 12 3 -25 25 35 
54527 2014 12 4 -23 22 37 
54527 2014 12 5 -27 26 31 
54527 2014 12 6 -11 46 22 
54527 2014 12 7 8 53 37 
54527 2014 12 8 -7 39 19 
54527 2014 12 9 -2 64 22 
54527 2014 12 10 8 70 31 
54527 2014 12 11 -15 36 34 
54527 2014 12 12 -21 33 30 
54527 2014 12 13 -23 44 17 
54527 2014 12 14 -1 38 16 
54527 2014 12 15 -13 47 43 
54527 2014 12 16 -43 28 30 
54527 2014 12 17 -19 37 20 
54527 2014 12 18 -8 48 16 
54527 2014 12 19 -7 51 41 
54527 2014 12 20 -23 26 33 
54527 2014 12 21 -30 26 39 
54527 2014 12 22 3 36 20 
54527 2014 12 23 7 44 14 
54527 2014 12 24 1 36 26 
54527 2014 12 25 -3 42 26 
54527 2014 12 26 -4 54 20 
54527 2014 12 27 -5 58 17 
54527 2014 12 28 5 58 15 
54527 2014 12 29 14 48 15 
54527 2014 12 30 14 53 24 
54527 2014 12 31 -20 21 49 
54527 2015 1 1 -35 28 21 
54527 2015 1 2 -5 28 20 
54527 2015 1 3 -18 52 27 
54527 2015 1 4 -5 48 11 
54527 2015 1 5 36 53 29 
54527 2015 1 6 -7 18 44 
54527 2015 1 7 -20 47 25 
54527 2015 1 8 -24 64 14 
54527 2015 1 9 1 38 34 
54527 2015 1 10 23 36 19 
54527 2015 1 11 19 48 26 
54527 2015 1 12 -20 69 23 
54527 2015 1 13 -7 65 21 
54527 2015 1 14 -14 82 13 
54527 2015 1 15 -27 96 16 
54527 2015 1 16 -12 62 37 
54527 2015 1 17 -24 36 27 
54527 2015 1 18 16 42 34 
54527 2015 1 19 -1 43 29 
54527 2015 1 20 0 66 25 
54527 2015 1 21 0 52 32 
54527 2015 1 22 -11 60 23 
54527 2015 1 23 -4 54 18 
54527 2015 1 24 8 55 37 
54527 2015 1 25 2 67 18 
54527 2015 1 26 -1 57 40 
54527 2015 1 27 -40 25 40 
54527 2015 1 28 -29 40 15 
54527 2015 1 29 -10 49 30 
54527 2015 1 30 -26 25 40 
54527 2015 1 31 -21 23 19 
54527 2015 2 1 -32 44 16 
54527 2015 2 2 -10 45 17 
54527 2015 2 3 4 49 24 
54527 2015 2 4 13 27 63 
54527 2015 2 5 13 31 37 
54527 2015 2 6 18 34 20 
54527 2015 2 7 15 37 36 
54527 2015 2 8 -36 16 36 
54527 2015 2 9 -17 31 19 
54527 2015 2 10 21 40 14 
54527 2015 2 11 23 36 16 
54527 2015 2 12 24 37 39 
54527 2015 2 13 18 53 27 
54527 2015 2 14 57 50 24 
54527 2015 2 15 43 58 41 
54527 2015 2 16 41 67 16 
54527 2015 2 17 36 47 23 
54527 2015 2 18 15 61 24 
54527 2015 2 19 20 50 31 
54527 2015 2 20 15 86 14 
54527 2015 2 21 11 79 34 
54527 2015 2 22 -12 31 45 
54527 2015 2 23 5 45 21 
54527 2015 2 24 21 68 18 
54527 2015 2 25 33 48 40 
54527 2015 2 26 10 53 25 
54527 2015 2 27 1 49 32 
54527 2015 2 28 -7 83 33 



16204081	103.1
18530754	100.2581
13974396	121
11674275	183.0714
14661883	126.8333
14488998	129.8
14612888	100.7419
15424154        91.96667
15031178	130.5484
15011280	98.96552
16073450	94.3
15066892	153.6452
15739652	123.129
18676509	88.19355
14504347	129.6
11637199	132.5714

