59287 2013 11 1 229 76 16 
59287 2013 11 2 247 65 43 
59287 2013 11 3 249 65 49 
59287 2013 11 4 227 68 33 
59287 2013 11 5 200 91 25 
59287 2013 11 6 223 85 27 
59287 2013 11 7 225 79 17 
59287 2013 11 8 231 86 16 
59287 2013 11 9 233 85 21 
59287 2013 11 10 247 85 18 
59287 2013 11 11 249 79 27 
59287 2013 11 12 206 90 40 
59287 2013 11 13 158 94 46 
59287 2013 11 14 167 87 32 
59287 2013 11 15 183 73 31 
59287 2013 11 16 180 72 27 
59287 2013 11 17 182 57 26 
59287 2013 11 18 173 58 21 
59287 2013 11 19 169 64 21 
59287 2013 11 20 166 76 15 
59287 2013 11 21 176 74 15 
59287 2013 11 22 190 77 19 
59287 2013 11 23 201 79 13 
59287 2013 11 24 195 87 45 
59287 2013 11 25 151 58 24 
59287 2013 11 26 154 66 20 
59287 2013 11 27 147 88 37 
59287 2013 11 28 126 73 34 
59287 2013 11 29 104 65 24 
59287 2013 11 30 114 61 16 
59287 2013 12 1 134 57 19 
59287 2013 12 2 125 67 25 
59287 2013 12 3 130 75 21 
59287 2013 12 4 150 62 28 
59287 2013 12 5 128 62 22 
59287 2013 12 6 133 66 29 
59287 2013 12 7 141 68 18 
59287 2013 12 8 152 80 19 
59287 2013 12 9 190 64 38 
59287 2013 12 10 163 62 28 
59287 2013 12 11 155 54 33 
59287 2013 12 12 129 70 17 
59287 2013 12 13 141 84 31 
59287 2013 12 14 135 97 35 
59287 2013 12 15 128 96 29 
59287 2013 12 16 96 95 50 
59287 2013 12 17 90 92 47 
59287 2013 12 18 93 66 53 
59287 2013 12 19 92 65 47 
59287 2013 12 20 100 66 34 
59287 2013 12 21 108 57 46 
59287 2013 12 22 85 57 32 
59287 2013 12 23 106 55 27 
59287 2013 12 24 105 55 37 
59287 2013 12 25 118 50 29 
59287 2013 12 26 113 44 49 
59287 2013 12 27 108 40 39 
59287 2013 12 28 75 45 38 
59287 2013 12 29 83 43 27 
59287 2013 12 30 87 59 25 
59287 2013 12 31 101 61 23 
59287 2014 1 1 103 67 20 
59287 2014 1 2 121 80 20 
59287 2014 1 3 161 81 18 
59287 2014 1 4 157 56 37 
59287 2014 1 5 124 58 25 
59287 2014 1 6 130 79 22 
59287 2014 1 7 169 78 16 
59287 2014 1 8 151 83 43 
59287 2014 1 9 123 63 44 
59287 2014 1 10 126 71 18 
59287 2014 1 11 146 77 11 
59287 2014 1 12 137 75 39 
59287 2014 1 13 102 65 50 
59287 2014 1 14 99 68 30 
59287 2014 1 15 91 66 23 
59287 2014 1 16 94 76 20 
59287 2014 1 17 111 75 29 
59287 2014 1 18 136 46 41 
59287 2014 1 19 94 65 20 
59287 2014 1 20 119 61 34 
59287 2014 1 21 121 31 47 
59287 2014 1 22 78 52 25 
59287 2014 1 23 79 69 24 
59287 2014 1 24 118 78 20 
59287 2014 1 25 167 82 16 
59287 2014 1 26 182 75 19 
59287 2014 1 27 164 82 15 
59287 2014 1 28 147 84 19 
59287 2014 1 29 150 81 26 
59287 2014 1 30 153 80 20 
59287 2014 1 31 163 73 24 
59287 2014 2 1 168 82 17 
59287 2014 2 2 165 83 16 
59287 2014 2 3 173 80 21 
59287 2014 2 4 170 84 19 
59287 2014 2 5 185 80 19 
59287 2014 2 6 197 79 20 
59287 2014 2 7 183 85 29 
59287 2014 2 8 102 88 33 
59287 2014 2 9 86 94 50 
59287 2014 2 10 65 64 44 
59287 2014 2 11 50 55 42 
59287 2014 2 12 48 81 34 
59287 2014 2 13 55 83 44 
59287 2014 2 14 78 63 43 
59287 2014 2 15 73 72 29 
59287 2014 2 16 117 80 18 
59287 2014 2 17 152 88 22 
59287 2014 2 18 117 91 42 
59287 2014 2 19 68 80 50 
59287 2014 2 20 85 67 26 
59287 2014 2 21 99 74 21 
59287 2014 2 22 117 83 25 
59287 2014 2 23 149 76 27 
59287 2014 2 24 157 80 21 
59287 2014 2 25 188 84 17 
59287 2014 2 26 201 84 21 
59287 2014 2 27 205 75 33 
59287 2014 2 28 189 83 16 
59287 2014 3 1 207 83 25 
59287 2014 3 2 163 82 39 
59287 2014 3 3 145 93 19 
59287 2014 3 4 147 93 27 
59287 2014 3 5 143 79 30 
59287 2014 3 6 150 88 15 
59287 2014 3 7 140 96 14 
59287 2014 3 8 133 95 24 
59287 2014 3 9 109 93 23 
59287 2014 3 10 114 94 22 
59287 2014 3 11 133 93 18 
59287 2014 3 12 169 96 11 
59287 2014 3 13 189 77 44 
59287 2014 3 14 149 63 39 
59287 2014 3 15 141 68 17 
59287 2014 3 16 160 79 17 
59287 2014 3 17 193 83 15 
59287 2014 3 18 214 84 13 
59287 2014 3 19 217 83 15 
59287 2014 3 20 199 80 41 
59287 2014 3 21 135 63 31 
59287 2014 3 22 157 66 18 
59287 2014 3 23 180 69 12 
59287 2014 3 24 183 72 13 
59287 2014 3 25 205 78 13 
59287 2014 3 26 214 80 17 
59287 2014 3 27 218 82 17 
59287 2014 3 28 233 83 32 
59287 2014 3 29 224 90 20 
59287 2014 3 30 202 96 44 
59287 2014 3 31 197 94 23 
59287 2014 4 1 192 93 22 
59287 2014 4 2 198 90 11 
59287 2014 4 3 206 90 15 
59287 2014 4 4 213 79 15 
59287 2014 4 5 199 80 14 
59287 2014 4 6 176 94 19 
59287 2014 4 7 195 88 14 
59287 2014 4 8 210 90 13 
59287 2014 4 9 230 85 12 
59287 2014 4 10 231 81 11 
59287 2014 4 11 235 76 30 
59287 2014 4 12 246 77 14 
59287 2014 4 13 265 78 11 
59287 2014 4 14 246 82 18 
59287 2014 4 15 232 70 21 
59287 2014 4 16 230 76 26 
59287 2014 4 17 248 76 24 
59287 2014 4 18 241 80 23 
59287 2014 4 19 248 80 20 
59287 2014 4 20 251 87 8 
59287 2014 4 21 252 82 28 
59287 2014 4 22 236 87 20 
59287 2014 4 23 215 92 19 
59287 2014 4 24 228 87 21 
59287 2014 4 25 245 84 21 
59287 2014 4 26 225 92 17 
59287 2014 4 27 236 80 35 
59287 2014 4 28 238 66 33 
59287 2014 4 29 229 74 28 
59287 2014 4 30 185 95 24 
59287 2014 5 1 201 90 12 
59287 2014 5 2 234 84 15 
59287 2014 5 3 249 75 11 
59287 2014 5 4 230 81 9 
59287 2014 5 5 187 89 37 
59287 2014 5 6 185 93 11 
59287 2014 5 7 192 96 11 
59287 2014 5 8 212 95 11 
59287 2014 5 9 214 94 23 
59287 2014 5 10 231 89 28 
59287 2014 5 11 235 93 16 
59287 2014 5 12 241 93 10 
59287 2014 5 13 262 90 24 
59287 2014 5 14 282 82 37 
59287 2014 5 15 279 85 22 
59287 2014 5 16 258 93 19 
59287 2014 5 17 260 86 35 
59287 2014 5 18 236 95 19 
59287 2014 5 19 254 90 18 
59287 2014 5 20 262 88 14 
59287 2014 5 21 255 90 24 
59287 2014 5 22 262 90 33 
59287 2014 5 23 234 96 22 
59287 2014 5 24 262 90 24 
59287 2014 5 25 287 82 23 
59287 2014 5 26 281 85 15 
59287 2014 5 27 283 83 15 
59287 2014 5 28 280 82 17 
59287 2014 5 29 282 82 28 
59287 2014 5 30 286 81 20 
59287 2014 5 31 298 75 27 
59287 2014 6 1 304 73 25 
59287 2014 6 2 299 74 22 
59287 2014 6 3 268 88 23 
59287 2014 6 4 290 79 19 
59287 2014 6 5 281 84 34 
59287 2014 6 6 250 93 15 
59287 2014 6 7 256 93 11 
59287 2014 6 8 284 80 17 
59287 2014 6 9 278 82 18 
59287 2014 6 10 277 83 15 
59287 2014 6 11 256 94 11 
59287 2014 6 12 275 78 19 
59287 2014 6 13 279 68 23 
59287 2014 6 14 289 68 19 
59287 2014 6 15 295 72 21 
59287 2014 6 16 307 77 14 
59287 2014 6 17 286 81 32 
59287 2014 6 18 285 82 25 
59287 2014 6 19 295 80 39 
59287 2014 6 20 284 87 22 
59287 2014 6 21 271 90 15 
59287 2014 6 22 265 91 15 
59287 2014 6 23 271 89 21 
59287 2014 6 24 275 85 24 
59287 2014 6 25 273 90 12 
59287 2014 6 26 300 77 25 
59287 2014 6 27 307 71 16 
59287 2014 6 28 305 73 13 
59287 2014 6 29 289 81 11 
59287 2014 6 30 279 84 27 
59287 2014 7 1 277 88 24 
59287 2014 7 2 285 85 16 
59287 2014 7 3 298 77 14 
59287 2014 7 4 304 73 21 
59287 2014 7 5 311 68 22 
59287 2014 7 6 307 74 19 
59287 2014 7 7 299 77 10 
59287 2014 7 8 284 85 16 
59287 2014 7 9 291 79 6 
59287 2014 7 10 297 80 16 
59287 2014 7 11 270 91 12 
59287 2014 7 12 280 86 30 
59287 2014 7 13 284 82 30 
59287 2014 7 14 298 78 17 
59287 2014 7 15 298 77 24 
59287 2014 7 16 292 77 10 
59287 2014 7 17 289 76 21 
59287 2014 7 18 269 81 42 
59287 2014 7 19 276 82 25 
59287 2014 7 20 286 82 10 
59287 2014 7 21 276 87 10 
59287 2014 7 22 294 79 15 
59287 2014 7 23 306 76 16 
59287 2014 7 24 296 74 23 
59287 2014 7 25 271 86 15 
59287 2014 7 26 268 87 15 
59287 2014 7 27 268 88 16 
59287 2014 7 28 282 80 13 
59287 2014 7 29 289 77 11 
59287 2014 7 30 300 73 15 
59287 2014 7 31 304 76 16 
59287 2014 8 1 301 77 18 
59287 2014 8 2 282 80 15 
59287 2014 8 3 283 79 15 
59287 2014 8 4 292 80 14 
59287 2014 8 5 299 74 15 
59287 2014 8 6 289 81 19 
59287 2014 8 7 277 87 13 
59287 2014 8 8 276 87 15 
59287 2014 8 9 299 75 18 
59287 2014 8 10 288 80 20 
59287 2014 8 11 291 79 14 
59287 2014 8 12 289 81 15 
59287 2014 8 13 250 95 17 
59287 2014 8 14 274 88 12 
59287 2014 8 15 289 78 17 
59287 2014 8 16 277 80 14 
59287 2014 8 17 279 81 14 
59287 2014 8 18 294 77 10 
59287 2014 8 19 273 81 29 
59287 2014 8 20 243 95 18 
59287 2014 8 21 262 85 21 
59287 2014 8 22 255 91 19 
59287 2014 8 23 281 81 20 
59287 2014 8 24 291 73 16 
59287 2014 8 25 285 77 11 
59287 2014 8 26 288 78 17 
59287 2014 8 27 287 76 17 
59287 2014 8 28 278 79 21 
59287 2014 8 29 281 83 17 
59287 2014 8 30 282 79 12 
59287 2014 8 31 254 90 23 
59287 2014 9 1 277 81 15 
59287 2014 9 2 278 85 15 
59287 2014 9 3 294 73 21 
59287 2014 9 4 285 74 22 
59287 2014 9 5 257 91 12 
59287 2014 9 6 277 81 15 
59287 2014 9 7 288 79 20 
59287 2014 9 8 266 89 14 
59287 2014 9 9 286 81 18 
59287 2014 9 10 287 79 14 
59287 2014 9 11 287 82 11 
59287 2014 9 12 272 86 14 
59287 2014 9 13 275 86 18 
59287 2014 9 14 288 81 13 
59287 2014 9 15 289 79 25 
59287 2014 9 16 262 86 51 
59287 2014 9 17 275 85 32 
59287 2014 9 18 282 81 17 
59287 2014 9 19 285 81 22 
59287 2014 9 20 266 70 45 
59287 2014 9 21 253 66 25 
59287 2014 9 22 257 69 30 
59287 2014 9 23 263 71 17 
59287 2014 9 24 268 73 21 
59287 2014 9 25 268 77 15 
59287 2014 9 26 268 80 11 
59287 2014 9 27 271 79 13 
59287 2014 9 28 274 78 12 
59287 2014 9 29 278 79 13 
59287 2014 9 30 287 77 20 
59287 2014 10 1 276 77 15 
59287 2014 10 2 273 80 19 
59287 2014 10 3 270 79 19 
59287 2014 10 4 262 77 12 
59287 2014 10 5 246 68 24 
59287 2014 10 6 241 60 25 
59287 2014 10 7 227 66 21 
59287 2014 10 8 219 70 22 
59287 2014 10 9 241 58 22 
59287 2014 10 10 238 63 22 
59287 2014 10 11 244 67 24 
59287 2014 10 12 248 60 40 
59287 2014 10 13 234 52 47 
59287 2014 10 14 219 59 26 
59287 2014 10 15 214 65 20 
59287 2014 10 16 222 75 19 
59287 2014 10 17 219 78 15 
59287 2014 10 18 226 78 14 
59287 2014 10 19 232 79 18 
59287 2014 10 20 240 79 19 
59287 2014 10 21 259 78 14 
59287 2014 10 22 252 62 30 
59287 2014 10 23 222 67 25 
59287 2014 10 24 221 82 18 
59287 2014 10 25 227 82 15 
59287 2014 10 26 237 84 17 
59287 2014 10 27 255 71 20 
59287 2014 10 28 241 74 13 
59287 2014 10 29 251 72 14 
59287 2014 10 30 241 79 15 
59287 2014 10 31 239 83 15 
59287 2014 11 1 245 83 13 
59287 2014 11 2 230 70 41 
59287 2014 11 3 196 58 28 
59287 2014 11 4 202 65 19 
59287 2014 11 5 218 78 12 
59287 2014 11 6 198 90 29 
59287 2014 11 7 178 89 27 
59287 2014 11 8 171 91 31 
59287 2014 11 9 187 78 25 
59287 2014 11 10 183 85 38 
59287 2014 11 11 192 87 20 
59287 2014 11 12 182 83 30 
59287 2014 11 13 176 75 22 
59287 2014 11 14 178 74 18 
59287 2014 11 15 197 75 17 
59287 2014 11 16 207 70 31 
59287 2014 11 17 183 63 35 
59287 2014 11 18 179 61 43 
59287 2014 11 19 169 68 21 
59287 2014 11 20 176 76 20 
59287 2014 11 21 189 81 18 
59287 2014 11 22 200 79 12 
59287 2014 11 23 210 81 13 
59287 2014 11 24 214 84 13 
59287 2014 11 25 214 80 25 
59287 2014 11 26 210 76 27 
59287 2014 11 27 225 76 21 
59287 2014 11 28 226 83 12 
59287 2014 11 29 238 83 24 
59287 2014 11 30 243 84 14 
59287 2014 12 1 171 65 51 
59287 2014 12 2 123 79 36 
59287 2014 12 3 139 92 23 
59287 2014 12 4 120 74 53 
59287 2014 12 5 125 54 25 
59287 2014 12 6 144 57 22 
59287 2014 12 7 122 85 36 
59287 2014 12 8 138 78 27 
59287 2014 12 9 167 68 23 
59287 2014 12 10 180 63 27 
59287 2014 12 11 145 62 52 
59287 2014 12 12 119 47 70 
59287 2014 12 13 103 46 39 
59287 2014 12 14 116 56 24 
59287 2014 12 15 150 63 22 
59287 2014 12 16 143 40 65 
59287 2014 12 17 104 31 34 
59287 2014 12 18 100 45 21 
59287 2014 12 19 101 86 17 
59287 2014 12 20 98 77 24 
59287 2014 12 21 125 53 49 
59287 2014 12 22 91 53 32 
59287 2014 12 23 113 63 12 
59287 2014 12 24 144 79 15 
59287 2014 12 25 165 79 20 
59287 2014 12 26 157 80 15 
59287 2014 12 27 124 94 32 
59287 2014 12 28 114 80 40 
59287 2014 12 29 93 78 19 
59287 2014 12 30 103 76 19 
59287 2014 12 31 116 71 23 
59287 2015 1 1 130 54 29 
59287 2015 1 2 116 54 21 
59287 2015 1 3 114 77 19 
59287 2015 1 4 136 80 17 
59287 2015 1 5 185 82 13 
59287 2015 1 6 198 87 14 
59287 2015 1 7 140 74 39 
59287 2015 1 8 116 65 30 
59287 2015 1 9 117 66 22 
59287 2015 1 10 138 55 22 
59287 2015 1 11 117 76 32 
59287 2015 1 12 103 93 29 
59287 2015 1 13 112 85 40 
59287 2015 1 14 114 72 29 
59287 2015 1 15 103 74 24 
59287 2015 1 16 122 72 24 
59287 2015 1 17 128 67 21 
59287 2015 1 18 122 67 23 
59287 2015 1 19 127 52 25 
59287 2015 1 20 117 77 15 
59287 2015 1 21 149 73 24 
59287 2015 1 22 132 65 20 
59287 2015 1 23 120 73 26 
59287 2015 1 24 144 82 15 
59287 2015 1 25 180 82 17 
59287 2015 1 26 177 85 14 
59287 2015 1 27 170 85 11 
59287 2015 1 28 173 76 14 
59287 2015 1 29 166 72 19 
59287 2015 1 30 131 69 37 
59287 2015 1 31 116 68 33 
59287 2015 2 1 127 69 26 
59287 2015 2 2 133 73 21 
59287 2015 2 3 157 76 20 
59287 2015 2 4 124 72 41 
59287 2015 2 5 110 59 34 
59287 2015 2 6 101 65 17 
59287 2015 2 7 126 68 17 
59287 2015 2 8 126 49 35 
59287 2015 2 9 116 60 22 
59287 2015 2 10 118 70 12 
59287 2015 2 11 134 71 23 
59287 2015 2 12 140 66 21 
59287 2015 2 13 133 69 22 
59287 2015 2 14 161 69 18 
59287 2015 2 15 167 88 20 
59287 2015 2 16 172 89 19 
59287 2015 2 17 176 84 13 
59287 2015 2 18 177 81 14 
59287 2015 2 19 184 74 19 
59287 2015 2 20 193 74 26 
59287 2015 2 21 204 82 12 
59287 2015 2 22 206 88 10 
59287 2015 2 23 200 91 18 
59287 2015 2 24 209 87 22 
59287 2015 2 25 214 84 38 
59287 2015 2 26 220 81 29 
59287 2015 2 27 211 83 30 
59287 2015 2 28 206 79 17 
